0.000000000562213
0.000000001124424
0.000000001124418
0.000000001124418
0.000000001124424
0.000000001124425
0.000000001124422
0.000000001124428
0.000000000562218
0.000000001124424
0.000000002248848
0.000000002248842
0.000000002248841
0.000000002248846
0.000000002248847
0.000000002248845
0.000000002248848
0.000000001124428
0.000000001124417
0.000000002248839
0.000000002248847
0.000000002248844
0.000000002248838
0.000000002248846
0.000000002248853
0.000000002248852
0.000000001124426
0.000000001124422
0.000000002248843
0.000000002248846
0.000000002248853
0.000000002248855
0.000000002248858
0.000000002248859
0.000000002248857
0.000000001124424
0.000000000562215
0.000000001124427
0.000000001124422
0.000000001124428
0.000000001124431
0.000000001124432
0.000000001124429
0.000000001124428
0.000000000562212
0.200000197752787
0.200000236776875
0.199998021521533
0.199998545586534
0.200000281165366
0.200000208536612
0.199999352700041
0.200000848922150
0.200004309835153
0.200000419802596
0.200000487281849
0.199999399291232
0.199999191204441
0.200000290358776
0.200000059798658
0.199999360968885
0.199999306955829
0.200000429431835
0.199997962032613
0.199998759127658
0.200000208186998
0.199999622296818
0.199997898015106
0.199999305031084
0.200000858016118
0.200000241652402
0.200000540249327
0.199999489726675
0.199999030639743
0.199999943319994
0.200000616954899
0.200000801740191
0.200001126724896
0.200001111954393
0.200001154708308
0.199999255899220
0.200002122033981
0.200001448970079
0.199998413400620
0.200001194281982
0.200001411816898
0.200001902751148
0.200000248023639
0.200000968288101
0.199999191160533
0.400000394701625
0.400000472236939
0.399996044355530
0.399997094691774
0.400000559087481
0.400000417593823
0.399998706827576
0.400001697503115
0.400008622825452
0.400000838777851
0.400000971782137
0.399998800017087
0.399998384292113
0.400000576609360
0.400000118018977
0.399998718459948
0.399998609285321
0.400000856830375
0.399995925720374
0.399997520448353
0.400000411453695
0.399999243118580
0.399995789745879
0.399998601915016
0.400001715637078
0.400000473327277
0.400001068584808
0.399998983088873
0.399998062611239
0.399999884512990
0.400001232940726
0.400001588923646
0.400002240453169
0.400002220606653
0.400002303269443
0.399998515944195
0.400004238501382
0.400002894468246
0.399996810464667
0.400002364205748
0.400002819876148
0.400003792095574
0.400000495353684
0.400001926525237
0.399998373233768
0.600000591141795
0.600000707305421
0.599994072033376
0.599995653020640
0.600000832847742
0.600000629939525
0.599998066115680
0.600002547724305
0.600012943228304
0.600001258352376
0.600001455233044
0.599998208054836
0.599997585579741
0.600000859159961
0.600000177542766
0.599998073547401
0.599997906907514
0.600001282307544
0.599993894931999
0.599996290594305
0.600000609542385
0.599998865535542
0.599993673632293
0.599997887239771
0.600002576940255
0.600000689678924
0.600001575508988
0.599998485900921
0.599997101679830
0.599999825899915
0.600001851356759
0.600002351730753
0.600003332877587
0.600003327074490
0.600003444058931
0.599997786436756
0.600006345149025
0.600004335313416
0.599995177653842
0.600003488260904
0.600004222512540
0.600005657002370
0.600000743327402
0.600002866935041
0.599997538015274
0.800000786714027
0.800000941755257
0.799992106848815
0.799994224983374
0.800001100552818
0.800000847201539
0.799997433273140
0.800003400571455
0.800017274691477
0.800001678846918
0.800001937171606
0.799997626906778
0.799996799003643
0.800001136204577
0.800000238933397
0.799997425147628
0.799997197576557
0.800001704656936
0.799991872268709
0.799995073795066
0.800000800273895
0.799998490466654
0.799991546344509
0.799997155802461
0.800003443755858
0.800000883393347
0.800002050823570
0.799998002701926
0.799996151249147
0.799999767468104
0.800002473124680
0.800003078493718
0.800004393762650
0.800004430090656
0.800004573227772
0.799997072360383
0.800008437536201
0.800005769263356
0.799993501339646
0.800004544876679
0.800005616709249
0.800007485553474
0.800000991920524
0.800003780625573
0.799996676347371
1.000000980901561
1.000001175311204
0.999990150898334
0.999992814714662
1.000001360528046
1.000001070977568
0.999996811149075
1.000004257209151
1.000021620787821
1.000002100614913
1.000002417223661
0.999997059880309
0.999996028303436
1.000001405986952
1.000000302654910
0.999996772300947
0.999996479162774
1.000002122396892
0.999989860079664
0.999993874032958
1.000000981946580
0.999998118975277
0.999989405273450
0.999996403065147
1.000004317945652
1.000001047579008
1.000002485008021
0.999997537804028
0.999995214562660
0.999999709089166
1.000003098846949
1.000003758091620
1.000005413310472
1.000005528198880
1.000005686946223
0.999996378407720
1.000010511768549
1.000007194159326
0.999991769384908
1.000005513977074
1.000006999173525
1.000009266177803
1.000001240876654
1.000004658701831
0.999995778565372
1.200001172971706
1.200001407630931
1.199988206000590
1.199991425975277
1.200001611377558
1.200001302819724
1.199996202768201
1.200005119024356
1.200025984981790
1.200002524055053
1.200002895135502
1.199996510025527
1.199995276962305
1.200001666816253
1.200000369046444
1.199996114202360
1.199995749683318
1.200002533699404
1.199987860358104
1.199992694957593
1.200001153467474
1.199997752310735
1.199987248752905
1.199995625343034
1.200005201429361
1.200001175901081
1.200002869457201
1.199997095223125
1.199994294659933
1.199999650493433
1.200003728727461
1.200004380085185
1.200006382269569
1.200006619707745
1.200006781398271
1.199995708889468
1.200012564647035
1.200008607945261
1.199989971564201
1.200006377374341
1.200008366305962
1.200010987758916
1.200001489721001
1.200005492263672
1.199994834415886
1.400001361926857
1.400001638288050
1.399986273621121
1.399990062063058
1.400001852033600
1.400001544217927
1.399995611360196
1.400005987661626
1.400030370587750
1.400002949621556
1.400003370801046
1.399995980080692
1.399994548153991
1.400001917083372
1.400000438301722
1.399995450229650
1.399995007331069
1.400002936331769
1.399985874645069
1.399991539810497
1.400001314459561
1.399997391943117
1.399985076256612
1.399994819969127
1.400006096205546
1.400001262705921
1.400003196696574
1.399996678618117
1.399993394337482
1.399999591251188
1.400004362505815
1.400004934838145
1.400007292033934
1.400007702653136
1.400007852775839
1.399995067650879
1.400014593788276
1.400010008685440
1.399988099937611
1.400007119116545
1.400009714189777
1.400012639739427
1.400001737782430
1.400006272415793
1.399993833015542
1.600001546467361
1.600001866757552
1.599984354804219
1.599988725735348
1.600002081793549
1.600001796582255
1.599995040382394
1.600006865048497
1.600034780718367
1.600003377831571
1.600003844283625
1.599995472426746
1.599993844697658
1.600002155277758
1.600000510454212
1.599994779968434
1.599994250501682
1.600003327613019
1.599983903943145
1.599990411361631
1.600001465341327
1.599997039590081
1.599982888565589
1.599993985431224
1.600007004365125
1.600001303133623
1.600003460569842
1.599996291240041
1.599992516115163
1.599999530761734
1.600004999407112
1.600005413623627
1.600008134731133
1.600008774770650
1.600008897273171
1.599994457997509
1.600016597711429
1.600011394580102
1.599986149169189
1.600007725782107
1.600011038601091
1.600014212220927
1.600001984223199
1.600006990291402
1.599992762854588
1.800001724968182
1.800002092404080
1.799982450113688
1.799987419144666
1.800002300343595
1.800002061224308
1.799994493535263
1.800007753409781
1.800039218221975
1.800003809269205
1.800004315831805
1.799994989051757
1.799993169021576
1.800002380004688
1.800000585368387
1.799994103233796
1.799993477818715
1.800003704386642
1.799981948642512
1.799989311859177
1.800001607375761
1.799996697234634
1.799980687901767
1.799993121477919
1.800007928095920
1.800001293216744
1.800003656394563
1.799995935892045
1.799991662208957
1.799999468250914
1.800005638108666
1.800005808714403
1.800008903298533
1.800009833479088
1.800009911081798
1.799993882631851
1.800018575888209
1.800012763978378
1.799984116782971
1.800008186715663
1.800012335040109
1.800015696058130
1.800002228075314
1.800007637090695
1.799991611847991
2.000001895470768
2.000002314473399
1.999980559584219
1.999986143789057
2.000002507768604
2.000002339337832
1.999993974770284
2.000008655269812
2.000043685608489
2.000004244585837
2.000004785888787
1.999994531525724
1.999992523136321
2.000002590002745
2.000000662737259
1.999993420088192
1.999992688156869
2.000004063010480
1.999980008461391
1.999988242993433
2.000001742687215
1.999996367133117
1.999978478024861
1.999992229191102
2.000008869676968
2.000001229963330
2.000003781082249
1.999995614900784
1.999990834510871
1.999999402777363
2.000006276724370
2.000006113456361
2.000009591547034
2.000010875875669
2.000010890386680
1.999993343602357
2.000020528754030
2.000014115387917
1.999982003351084
2.000008494201520
2.000013598782064
2.000017082945934
2.000002468282291
2.000008204134612
1.999990367434731
2.200002055690995
2.200002532087313
2.199978682684867
2.199984900478114
2.200002704548213
2.200002631978928
2.199993488290061
2.200009573441988
2.200048184964095
2.200004684496514
2.200005255095252
2.199994100985862
2.199991908617910
2.200002784161196
2.200000742086054
2.199992730855397
2.199991880663319
2.200004399364174
2.199978082402736
2.199987205875215
2.200001874245705
2.199996051812881
2.199976264290404
2.199991311023357
2.200009831461641
2.200001111422713
2.200003833220380
2.199995330099383
2.199990034576519
2.199999333247327
2.200006912806899
2.200006322324946
2.200010194211997
2.200011898743365
2.200011831364106
2.199992842266154
2.200022457679756
2.200015447480515
2.199979812610327
2.200008643572532
2.200014824945822
2.200018365498118
2.200002703744785
2.200008682933728
2.199989016724025
2.400002203043457
2.400002744242291
2.399976818295983
2.399983689315340
2.400002891539622
2.400002940046266
2.399993038540719
2.400010511005332
2.400052717855573
2.400005129772413
2.400005724285668
2.399993698132080
2.399991326601066
2.400002961536885
2.400000822781735
2.399992036130294
2.399991054777200
2.400004708873883
2.399976168728692
2.399986201028679
2.400002005819337
2.399995754059418
2.399974053667747
2.399990370799588
2.400010815849039
2.400000936732648
2.400003813114827
2.399995082821756
2.399989263620788
2.399999258437527
2.400007543367237
2.400006430964783
2.400010706991315
2.400012898570192
2.400012730182089
2.399992379266534
2.400024364904940
2.400016759093078
2.399977551505328
2.400008633254092
2.400016008577215
2.400019537316429
2.400002933368502
2.400009065271486
2.399987546685502
2.600002334681847
2.600002949811901
2.599974964700714
2.599982509697079
2.600003069948149
2.600003264261811
2.599992630196781
2.600011471268139
2.600057285225848
2.600005581229447
2.600006194478328
2.599993323232114
2.599990777782471
2.600003121370231
2.600000904047779
2.599991336784380
2.599990210247288
2.600004986553491
2.599974264954065
2.599985228398050
2.600002141896724
2.599995476893027
2.599971854717939
2.599989413683083
2.600011825243515
2.600000706146788
2.600003722792160
2.599994873907745
2.599988522521798
2.599999177025191
2.600008164910675
2.600006436212968
2.600011126570891
2.600013871580027
2.600013583003847
2.599991954526100
2.600026253434778
2.600018049223345
2.599975230158329
2.600008464744451
2.600017144743530
2.600020593048832
2.600003156112648
2.600009343300371
2.599985944378630
2.800002447554584
2.800003147553165
2.799973119591920
2.799981360327901
2.800003241286876
2.800003605152610
2.799992268138983
2.800012457719112
2.800061887282769
2.800006039713326
2.800006666859525
2.799992976135434
2.799990262433721
2.800003263099822
2.800000984983490
2.799990633966897
2.799989347147898
2.800005227061025
2.799972367859527
2.799984287367415
2.800002287582113
2.799995223535297
2.799969677532214
2.799988446107074
2.800012862002621
2.800000421041671
2.800003565962355
2.799994703718198
2.799987811833223
2.799999087624054
2.800008773487782
2.800006336106932
2.800011450637917
2.800014813774158
2.800014385995128
2.799991567256038
2.800028126904224
2.800019317019819
2.799972861767305
2.800008142534126
2.800018228635046
2.800021528435909
2.800003371037167
2.800009509649082
2.799984197215283
3.000002538474352
3.000003336116849
2.999971280094991
2.999980239251899
3.000003407327141
3.000003963034266
2.999991957425510
3.000013473966800
3.000066523383728
3.000006506081488
3.000007142762410
2.999992656294954
2.999989780423379
3.000003386375101
3.000001064587002
2.999989929101639
2.999988465893038
3.000005424768555
2.999970473524967
2.999983376792439
3.000002448466815
2.999994997366034
2.999967533632916
2.999987475673702
3.000013928374153
3.000000083902857
3.000003347943355
2.999994572158969
2.999987131804695
2.999998988825020
3.000009364758633
3.000006129877865
3.000011677882714
3.000015720982360
3.000015135335969
2.999991215981631
3.000029989413686
3.000020561765584
2.999970462435800
3.000007673968410
3.000019255669402
3.000022340344369
3.000003577347112
3.000009557538263
2.999982293248247
3.200002604199842
3.200003514061597
3.199969442806797
3.199979143899219
3.200003570041821
3.200004337996672
3.199991703257455
3.200014523668461
3.200071191918928
3.200006981182401
3.200007623641224
3.199992362795301
3.199989331247329
3.200003491066700
3.200001141780942
3.199989223879421
3.199987567248740
3.200005573843578
3.199968577382930
3.199982495042579
3.200002630481153
3.199994801871506
3.199965435839238
3.199986511023045
3.200015026423332
3.199999698290224
3.200003075549734
3.199994478712572
3.199986482410022
3.199998879239850
3.200009934068134
3.200005817931025
3.200011807989791
3.200016588922190
3.200015827237342
3.199990898583950
3.200031845341555
3.200021782855758
3.199968050939332
3.200007069058134
3.200020221594394
3.200023026786965
3.200003774432505
3.200009480901993
3.199980221477528
3.400002641527519
3.400003679871853
3.399967603850596
3.399978071146548
3.400003731543553
3.400004729892648
3.399991510939220
3.400015610449724
3.400075890196519
3.400007465832892
3.400008111041588
3.399992094386415
3.399988914066511
3.400003577273925
3.400001215439755
3.399988520246402
3.399986652343549
3.400005668339596
3.399966674291544
3.399981640052326
3.400002839731582
3.399994640585024
3.399963398101228
3.399985561675461
3.400016157951585
3.399999268782775
3.400002756948621
3.399994422476154
3.399985863382533
3.399998757546352
3.400010476530245
3.400005401814208
3.400011841619169
3.400017413264802
3.400016457963150
3.399990612356916
3.400033699139396
3.400022979768634
3.399965648434514
3.400006340244726
3.400021122584981
3.400023586928262
3.400003961902244
3.400009274511913
3.399977972165835
3.600002647391066
3.600003831979344
3.599965758946326
3.599977017390406
3.600003894020054
3.600005138329978
3.599991385834799
3.600016737816865
3.600080614332710
3.600007960794198
3.600008606567634
3.599991849521237
3.599988527750873
3.600003645329017
3.600001284417659
3.599987820388397
3.599985722677005
3.600005702293429
3.599964758626010
3.599980809379839
3.600003082327891
3.599994517021234
3.599961435305873
3.599984637851055
3.600017324408562
3.599998800903864
3.600002401486536
3.599994402204420
3.599985274256872
3.599998622533385
3.600010987118737
3.600004884175745
3.600011780378867
3.600018189705662
3.600017023857705
3.599990354078863
3.600035555116000
3.600024152030690
3.599963278118109
3.600005502126180
3.600021955330808
3.600024021075890
3.600004139610796
3.600008934100686
3.599975537154463
3.800002618965858
3.800003968787886
3.799963903495414
3.799975978631548
3.800004059668721
3.800005562667399
3.799991333320918
3.800017909063480
3.800085359150230
3.800008466747464
3.800009111846736
3.799991626396215
3.799988170928386
3.800003695797891
3.800001347576226
3.799987126711453
3.799984780125992
3.800005669826808
3.799962824387197
3.799980000271395
3.800003364205577
3.799994434605469
3.799959563059711
3.799983750270568
3.800018526799445
3.799998301027981
3.800002019491407
3.799994416356175
3.799984714416210
3.799998473144177
3.800011460762028
3.800004268713479
3.800011626789578
3.800018914038135
3.800017521378800
3.799990120097156
3.800037417216564
3.800025299176039
3.799960964844057
3.800004571151125
3.800022717110710
3.800024330657282
3.800004307676740
3.800008456481466
3.799972910170678
4.000002553775808
4.000004088701205
3.999962032678879
3.999974950568825
4.000004230632678
4.000006002014865
3.999991358737929
4.000019127173785
4.000090118088107
4.000008984269432
4.000009628492571
3.999991422993445
3.999987842037806
4.000003729477025
4.000001403810655
3.999986441818991
3.999983826948728
4.000005565249771
3.999960865325544
3.999979209730006
4.000003690948251
3.999994396599841
3.999957797452816
3.999982909942199
4.000019765589592
3.999997776270811
4.000001622054404
3.999994463143172
3.999984183143824
3.999998308516548
4.000011892439868
4.000003560115970
4.000011384242538
4.000019582228295
4.000017947136172
3.999989906424102
4.000039288803270
4.000026420700963
3.999958734707120
4.000003565288303
4.000023405851605
4.000024518182073
4.000004466492255
4.000007839659971
3.999970087118337
4.200002449799840
4.200004190153368
4.199960141567105
4.199973928700707
4.200004408940068
4.200006455238453
4.199991467339528
4.200020394724663
4.200094883125743
4.200009513809012
4.200010158067227
4.199991237123448
4.199987539383842
4.200003747386526
4.200001452073904
4.199985768485923
4.199982865786144
4.200005383163481
4.199958875078071
4.199978434586817
4.200004067614852
4.199994406027677
4.199956154809173
4.199982127939118
4.200021040608896
4.199997234364484
4.200001220796462
4.199994540580060
4.199983679677862
4.199998128018779
4.200012277279546
4.200002763997180
4.200011056951624
4.200020190488942
4.200018297934906
4.199989708842217
4.200041172443227
4.200027516014496
4.199956614602180
4.200002503678843
4.200024020169638
4.200024587190715
4.200004616723220
4.200007082936140
4.199967066343748
4.400002305575278
4.400004271641411
4.399958225239483
4.399972908432421
4.400004596448480
4.400006920969993
4.399991664242222
4.400021713788737
4.400099644723845
4.400010055665446
4.400010702042963
4.399991066467638
4.399987261193449
4.400003750759199
4.400001491398046
4.399985109629990
4.399981899660466
4.400005118560328
4.399956847316096
4.399977671573748
4.400004498576055
4.399994465598061
4.399954651428657
4.399981415172480
4.400022350958171
4.399996683520430
4.400000827624519
4.399994646534356
4.399983203268006
4.399997931280140
4.400012610649700
4.400001886825859
4.400010649900511
4.400020735351269
4.400018570823319
4.399989523016417
4.400043069709315
4.400028584386225
4.399954631768266
4.400001406278628
4.400024559392296
4.400024542190002
4.400004759299612
4.400006186992235
4.399963848869892
4.600002120295635
4.600004331759613
4.599956278911764
4.599971885186871
4.600004794795764
4.600007397621528
4.599991954375430
4.600023085840704
4.600104391784424
4.600010609968585
4.600011261764250
4.599990908619747
4.599987005671935
4.600003741025847
4.600001520912280
4.599984468280975
4.599980931970713
4.600004766919196
4.599954775900852
4.599976917396352
4.600004987363668
4.599994577632164
4.599953303325788
4.599980782164669
4.600023694919943
4.599996132282248
4.600000454482557
4.599994778775529
4.599982753232631
4.599997718215273
4.600012888249856
4.600000935850576
4.600010168785925
4.600021213732379
4.600018763144497
4.599989344610743
4.600044980998945
4.600029624892627
4.599952813326461
4.600000293497634
4.600025023560978
4.600024388576569
4.600004895396401
4.600005153964922
4.599960438592799
4.800001893900449
4.800004369234860
4.799954298068931
4.799970854517255
4.800005005358640
4.800007883404504
4.799992342433087
4.800024511669171
4.800109111631661
4.800011176661772
4.800011838410586
4.799990761125480
4.799986771057680
4.800003719796886
4.800001539857142
4.799983847548163
4.799979966484783
4.800004324294330
4.799952655044257
4.799976168805493
4.800005536536625
4.799994743993127
4.799952125970317
4.799980238827470
4.800025069875941
4.799995589371654
4.800000113102282
4.799994935022392
4.799982329015206
4.799997489041984
4.800013106194037
4.799999919021424
4.800009619957563
4.800021622997436
4.800018872590493
4.799989169407008
4.800046905375089
4.800030636363404
4.799951185820415
4.799999185842909
4.800025413414072
4.800024132549690
4.800005026405199
4.800003987499062
4.799956842435142
5.000001627154915
5.000004382962492
4.999952278601019
4.999969812219438
5.000005229219802
5.000008376353421
4.999992832827508
5.000025991295932
5.000113790015045
5.000011755487733
5.000012432960490
4.999990621520125
4.999986555674317
5.000003688840659
5.000001547594835
4.999983250586531
4.999979007328113
5.000003787396200
4.999950479471730
4.999975422667199
5.000006147566130
4.999994966021039
4.999951134034527
4.999979794249479
5.000026472233541
4.999995063530100
4.999999814758331
4.999995112988130
4.999981930238555
4.999997244292165
5.000013261087228
4.999998844909159
5.000009010355600
5.000021961014995
5.000018897258205
4.999988993422697
5.000048840433191
5.000031617329396
4.999949774767724
4.999998103571221
5.000025730351456
5.000023781014755
5.000005153897384
5.000002692781383
4.999953070453156
5.200001321717573
5.200004372041920
5.199950216939499
5.199968754442211
5.200005467144112
5.200008874353641
5.199993429646117
5.200027523904685
5.200118411135605
5.200012345977684
5.200013046157143
5.199990487363578
5.199986357979332
5.200003650058826
5.200001543615456
5.199982680562270
5.199978058968521
5.200003153663297
5.199948244584129
5.199974676029612
5.200006820742423
5.199995244474600
5.199950341151641
5.199979456496802
5.200027897363142
5.199994563359392
5.199999570032348
5.199995310422524
5.199981556755668
5.199996984815797
5.200013350093529
5.199997722622547
5.200008347446333
5.200022226204743
5.200018835705595
5.199988813025580
5.200050782196856
5.200032565973613
5.199948604230065
5.199997066356834
5.200025976381804
5.200023341479227
5.200005279579463
5.200001276552722
5.199949135894201
5.400000980194332
5.400004335811344
5.399948110191602
5.399967677793496
5.400005719564193
5.400009375172878
5.399994136611619
5.400029107780703
5.400122957695688
5.400012947443788
5.400013678475925
5.399990356272697
5.399986176608286
5.400003605459242
5.400001527539301
5.399982140618103
5.399977126197243
5.400002421323985
5.399945946615790
5.399973926186512
5.400007555104579
5.399995579480733
5.399949759689672
5.399979232430723
5.400029339548482
5.399994097164011
5.399999388590188
5.399995525150861
5.399981208696028
5.399996711778308
5.400013370995205
5.399996561724588
5.400007639156451
5.400022417576646
5.400018687007156
5.399988625042412
5.400052725044411
5.400033480087026
5.399947696408975
5.399996092979325
5.400026154054610
5.400022821942691
5.400005405241901
5.399999747098056
5.399945055203436
5.600000606177653
5.600004273880826
5.599945956270049
5.599966579440860
5.600005986575312
5.600009876495823
5.599994957046048
5.600030740263072
5.600127410972296
5.600013558974936
5.600014330094161
5.599990225950870
5.599986010413745
5.600003557126922
5.600001499115398
5.599981633838925
5.599976214106083
5.600001589447749
5.599943582785773
5.599973170736768
5.600008348394437
5.599995970493486
5.599949400544160
5.599979127545565
5.600030791951349
5.599993672798319
5.599999278975927
5.599995755109390
5.599980886506195
5.599996426651674
5.600013322242070
5.599995372148138
5.600006893806599
5.600022534761099
5.600018450807107
5.599988426859508
5.600054661667733
5.600034357030568
5.599947071273550
5.599995201035609
5.600026266379351
5.600022230783040
5.600005532702483
5.599998114213881
5.599940847979254
5.800000204269860
5.800004186162973
5.799943754015795
5.799965457204585
5.800006267939296
5.800010375961145
5.799995893838908
5.800032417710393
5.800131750913429
5.800014179435777
5.800015000863323
5.799990094214722
5.799985858498484
5.800003507193563
5.800001458216608
5.799981163218248
5.799975328060609
5.800000657985700
5.799941151439602
5.799972407639227
5.800009197035140
5.799996416263062
5.799949272953132
5.799979145829401
5.800032246592247
5.799993297521286
5.799999248425938
5.799995998376996
5.799980590983882
5.799996131199891
5.800013202990733
5.799994164111480
5.800006120044475
5.800022578029804
5.800018127369194
5.799988216512967
5.800056583063915
5.800035193704877
5.799946746225437
5.799994406679699
5.800026316734358
5.800021576640671
5.800005663745738
5.799996389153228
5.799936536878093
5.999999780089901
6.000004072900532
5.999941503311421
5.999964309641942
6.000006563096878
6.000010871200325
5.999996949419676
6.000034135480943
6.000135956256772
6.000014807468705
6.000015690283839
5.999989959018050
5.999985720242333
6.000003457806337
6.000001404831680
5.999980731625976
5.999974473669633
5.999999627800078
5.999938652178882
5.999971635262722
6.000010096134107
5.999996914815893
5.999949384336801
5.999979289649907
6.000033694347978
5.999992977861424
5.999999302706033
5.999996253203048
5.999980323304607
5.999995827459471
6.000013013133819
5.999992948034309
6.000005326777993
6.000022548307084
6.000017717621711
5.999987992766696
6.000058478559795
6.000035986528932
5.999946735805537
5.999993724393001
6.000026308768328
6.000020868302658
6.000005800059914
5.999994584548712
5.999932147470449
6.199999340263239
6.200003934690115
6.199939205182980
6.199963136121167
6.200006871187721
6.200011359877366
6.199998125734610
6.200035887927807
6.200140004669271
6.200015441498570
6.200016397482786
6.199989818473010
6.199985595322485
6.200003411096436
6.200001339054787
6.199980341777928
6.199973656750898
6.199998500683136
6.199936085976492
6.199970852430813
6.200011039509985
6.199997463446309
6.199949740164151
6.199979559666895
6.200035124967000
6.199992719494362
6.199999445973804
6.199996518031357
6.199980085040335
6.199995517715828
6.200012753318773
6.199991734454625
6.200004523108659
6.200022447172117
6.200017223196521
6.199987755176744
6.200060335868656
6.200036731428788
6.199947051445960
6.199993166787448
6.200026246297321
6.200020114588786
6.200005943173005
6.199992714314893
6.199927708050430
6.399998892394726
6.400003772501502
6.399936861888309
6.399961936884090
6.400007191077249
6.400011839728659
6.399999424227874
6.400037668409160
6.400143872906331
6.400016079739661
6.400017121194474
6.399989670868822
6.399985483726983
6.400003369148026
6.400001261073009
6.399979996207453
6.399972883293424
6.399997279365587
6.399933455275264
6.399970058461039
6.400012019742511
6.399998058720154
6.399950343847802
6.399979954772880
6.400036527103104
6.399992527135069
6.399999680668303
6.399996791520180
6.399979878169652
6.399995204476484
6.400012424956901
6.399990533946813
6.400003718265688
6.400022276852004
6.400016646460989
6.399987504140620
6.400062141177774
6.400037423837353
6.399947701269807
6.399992744442844
6.400026133200342
6.400019324241295
6.400006094389600
6.399990793531141
6.399923249402421
6.599998445024663
6.600003587691688
6.599934476990188
6.599960713096296
6.600007521389121
6.600012308602175
6.600000845826719
6.600039469313644
6.600147536988737
6.600016720204512
6.600017859744259
6.599989514687880
6.599985385761405
6.600003333968153
6.600001171152379
6.599979697239545
6.599972159416727
6.599995967515211
6.599930764068421
6.599969253198419
6.600013028244072
6.599998696490384
6.599951196668335
6.599980472062054
6.600037888367566
6.599992404446530
6.600000007428257
6.599997072558272
6.599979705079225
6.599994890441837
6.600012030222587
6.599989357041406
6.600002921540813
6.600022040206396
6.600015990542022
6.599987240930702
6.600063879265351
6.600038058705704
6.599948689940611
6.599992465779470
6.600025973316231
6.600018505820168
6.600006254730039
6.599988838306738
6.599918804528638
6.799998007568432
6.800003382013315
6.799932055412590
6.799959466884041
6.800007860542297
6.800012764495097
6.800002390930483
6.800041282100673
6.800150972395301
6.800017360714188
6.800018611035523
6.799989348619707
6.799985302048777
6.800003307458107
6.800001069623054
6.799979446967747
6.799971491327095
6.799994569726320
6.799928017960151
6.799968437043028
6.800014055351162
6.799999371924723
6.799952297728213
6.799981106828022
6.800039195399692
6.799992353966510
6.800000425039814
6.799997360277027
6.799979568556333
6.799994578474537
6.800011572043349
6.799988214146931
6.800002142224285
6.800021740704222
6.800015259340963
6.799986967711337
6.800065533644463
6.800038630526637
6.799950018562172
6.799992336966255
6.800025770344681
6.800017667605395
6.800006424873504
6.799986865630472
6.799914408342120
6.999997590240254
7.000003157616899
6.999929603478963
6.999958201357262
7.000008206791347
7.000013205589136
7.000004059403070
7.000043097354754
7.000154154269196
7.000017998909368
7.000019372540128
6.999989171572578
6.999985233522973
7.000003291386747
7.000000956864126
6.999979247234003
6.999970885271654
6.999993091500700
6.999925224205292
6.999967610971478
7.000015090434087
7.000000079544848
6.999953643935557
6.999981852589804
7.000040433955530
6.999992377053227
7.000000930414357
6.999997654058687
6.999979471772581
6.999994271568180
7.000011054081197
6.999987115473948
7.000001389542144
7.000021382393156
7.000014457539129
6.999986687539282
7.000067086731895
7.000039133370394
6.999951684629007
6.999992361864395
7.000025527753812
7.000016817507774
7.000006605106595
6.999984893206634
6.999910097330096
7.199997203962008
7.200002917046351
7.199927128931541
7.199956920618095
7.200008558268809
7.200013630282766
7.200005850568336
7.200044904853327
7.200157057635558
7.200018632261918
7.200020141292406
7.199988982683118
7.199985181415780
7.200003287366243
7.200000833288647
7.199979099611777
7.199970347490294
7.199991539220943
7.199922391727091
7.199966776552139
7.200016122022607
7.200000813276820
7.199955230016911
7.199982701145383
7.200041589013784
7.199992473851092
7.200001518596302
7.199997953540705
7.199979418258881
7.199993972816313
7.200010480705783
7.199986070961891
7.200000672594941
7.200020969862768
7.200013590593154
7.199986404347697
7.200068520038843
7.200039560932790
7.199953682026582
7.199992542005683
7.200025248696570
7.200015962989542
7.200006795278767
7.199982939280085
7.199905909192707
7.399996860257820
7.400002663227715
7.399924640930775
7.399955629754785
7.400008913028482
7.400014037219566
7.400007763208050
7.400046693646919
7.400159657628122
7.400019258086430
7.400020913886768
7.399988781323951
7.399985147238125
7.400003296830438
7.400000699329338
7.399979005392375
7.399969884166124
7.399989920116919
7.399919531112572
7.399965935954016
7.400017137945527
7.400001566511885
7.399957048558353
7.399983642651654
7.400042644898527
7.399992643276596
7.400002182800747
7.399998258616252
7.399979411872149
7.399993685382202
7.400009856960108
7.399985090208790
7.400000000298175
7.400020508202028
7.400012664719910
7.399986122914043
7.400069814380882
7.400039906595268
7.399956001080134
7.399992876604588
7.400024935937895
7.400015110995733
7.400006994765999
7.399981022452663
7.399901882462687
7.599996571135692
7.600002399450661
7.599922150034699
7.599954334820710
7.600009269088178
7.600014425312104
7.600009795561759
7.600048452150442
7.600161929722420
7.600019873551330
7.600021686479127
7.599988567109430
7.599985132755732
7.600003321016388
7.600000555425479
7.599978965574612
7.599969501374948
7.599988242226288
7.599916654585164
7.599965091949150
7.600018125481872
7.600002332176849
7.599959090073340
7.599984665729167
7.600043585417148
7.599992883024645
7.600002914480037
7.599998569430884
7.599979456753965
7.599993412470203
7.600009188519296
7.599984182404366
7.599999381324514
7.600020002952090
7.600011686870975
7.599985848812723
7.600070950104050
7.600040163496473
7.599958628650077
7.599993362602639
7.600024591794060
7.600014267897242
7.600007202443768
7.599979161493728
7.599898056111026
7.799996348957305
7.800002129342738
7.799919668157944
7.799953042798667
7.800009624471034
7.800014793760740
7.800011945327947
7.800050168244319
7.800163849973251
7.800020475689172
7.800022454792281
7.799988339899456
7.799985139959889
7.800003360948967
7.800000402011271
7.799978980857842
7.799969205034149
7.799986514349756
7.799913775954608
7.799964247908473
7.800019071521375
7.800003102813172
7.799961343095806
7.799985757589949
7.800044394012538
7.799993189595081
7.800003703418422
7.799998886375404
7.799979557281954
7.799993157299148
7.800008481643145
7.799983356266508
7.799998824047995
7.800019460055433
7.800010664696376
7.799985588353378
7.800071907324105
7.800040324614614
7.799961548271506
7.799993994743260
7.800024218085704
7.800013439446213
7.800007416670404
7.799977375147185
7.799894469144178
7.999996206297148
8.000001856836457
7.999917208510323
7.999951761550572
8.000009977244195
8.000015142066859
8.000014209666114
8.000051829384034
8.000165395253905
8.000021061405885
8.000023214125255
7.999988099801641
7.999985171033728
8.000003417429030
8.000000239505997
7.999979051638181
7.999969000851419
7.999984746002129
7.999910910544506
7.999963407790964
8.000019962731969
8.000003870663400
7.999963794296496
7.999986904186237
8.000045053927847
7.999993558338780
8.000004537853256
7.999999210074934
7.999979718014328
7.999992923078049
8.000007743123254
7.999982619981573
7.999998336490354
8.000018885801815
8.000009606498089
7.999985348505924
8.000072666175758
8.000040382859748
7.999964740334973
7.999994765675006
8.000023816105122
8.000012630744184
8.000007635281580
7.999975681937782
7.999891160197810
8.199996155792451
8.200001586129105
8.199914785515675
8.199950499753044
8.200010325554000
8.200015470040029
8.200016585198849
8.200053422716548
8.200166543495049
8.200021627488731
8.200023959366913
8.199987847171531
8.199985228314617
8.200003491024862
8.200000068306421
8.199979178007863
8.199968894273987
8.199982947359413
8.199908075097824
8.199962576126241
8.200020785732121
8.200004627763962
8.199966428620392
8.199988090377905
8.200045548382304
8.199993983522530
8.200005404621310
8.199999541374309
8.199979943628374
8.199992712984553
8.200006980225043
8.199981981148522
8.199997926269596
8.200018286772263
8.200008521173558
8.199985136813803
8.200073207068840
8.200040331174888
8.199968182305144
8.199995666081049
8.200023386598657
8.200011846223015
8.200007855596649
8.199974099978789
8.199888167132334
8.399996209985240
8.400001321635754
8.399912414711125
8.399949266819357
8.400010667656730
8.400015777798849
8.400019068013632
8.400054935201995
8.400167273920832
8.400022170612759
8.400024685013733
8.399987582611237
8.399985314253321
8.400003582067216
8.399999888781318
8.399979359757596
8.399968890438577
8.399981129203157
8.399905287661269
8.399961757990472
8.400021527265613
8.400005366042970
8.399969229442782
8.399989300116097
8.400045860756215
8.399994458411747
8.400006289328200
8.399999881319788
8.399980238853665
8.399992530146214
8.400006200625631
8.399981446727235
8.399997600550863
8.400017669781723
8.400007418149379
8.399984961297031
8.400073510948513
8.400040162644741
8.399971848973829
8.399996684832379
8.400022929764148
8.400011089638973
8.400008074437125
8.399972646783818
8.399885526634533
8.599996381157926
8.600001067935578
8.599910112627910
8.599948072808424
8.600011001944267
8.600016065765285
8.600021653663738
8.600056353739179
8.600167567280293
8.600022687345868
8.600025385192074
8.599987306966151
8.599985431370424
8.600003690647732
8.599999701268466
8.599979596381511
8.599968994122621
8.599979302862115
8.599902567449545
8.599960958975540
8.600022174376935
8.600006077421673
8.599972178741583
8.599990516640521
8.600045974783434
8.599994975369594
8.600007176539016
8.600000231137111
8.599980608400696
8.599992377624631
8.600005412347944
8.599981022990884
8.599997365999835
8.600017041820900
8.600006307306382
8.599984830346353
8.600073559556597
8.600039870610654
8.599975712743626
8.599997809161978
8.600022445263480
8.600010364079276
8.600008288157705
8.599971339084574
8.599883273830013
8.799996681163853
8.800000829712042
8.799907896654428
8.799946928321781
8.800011326964146
8.800016334652319
8.800024337167599
8.800057665293258
8.800167406071914
8.800023174152413
8.800026053684787
8.799987021320051
8.799985582210622
8.800003816620649
8.799999506074039
8.799979887084699
8.799969209696979
8.799977480152064
8.799899934690417
8.799960185151834
8.800022714585133
8.800006753918293
8.799975257283400
8.799991722687768
8.800045874749280
8.799995525971100
8.800008049987825
8.800000592206052
8.799981056885867
8.799992258402364
8.800004623691661
8.799980715482658
8.799997228738638
8.800016409998271
8.800005198896155
8.799984752610396
8.800073335691218
8.800039448790546
8.799979743937913
8.799999024857572
8.800021932249720
8.800009671981126
8.800008492689683
8.799970192656865
8.799881441910404
8.999997121254356
9.000000611687426
8.999905784882937
8.999945844389289
9.000011641433417
9.000016585444897
9.000027113006412
9.000058857024117
9.000166774759593
9.000023627395457
9.000026683962394
8.999986726988420
8.999985769295611
9.000003959607680
8.999999303474386
8.999980230792891
8.999969541080690
8.999975673313886
8.999897410452194
8.999959443024466
9.000023136054256
9.000007387752799
8.999978444820472
8.999992900708110
9.000045545691851
8.999996101130634
9.000008892803796
9.000000966031546
8.999981588753615
8.999992175372540
9.000003843161549
8.999980528976767
8.999997194304138
9.000015781482634
9.000004103450314
8.999984736877412
9.000072823462210
9.000038891402070
8.999983911133452
9.000000316469887
9.000021389408202
9.000009015162444
9.000008683596715
8.999969222156542
8.999880061778859
9.199997711903707
9.200000418552300
9.199903795941085
9.199944832344874
9.200011944246205
9.200016819374301
9.200029975119522
9.200059916414009
9.200165659978234
9.200024043337875
9.200027269218984
9.199986425509984
9.199985995075927
9.200004119005783
9.199999093720171
9.199980626163940
9.199969991697778
9.199973894950325
9.199895016454938
9.199958739483190
9.200023427758907
9.200007971451331
9.199981720296119
9.199994033087901
9.200044973605021
9.199996691240877
9.200009687751360
9.200001354211562
9.199982208196529
9.199992131330703
9.200003079393651
9.199980467443774
9.199997267609154
9.200015163446517
9.200003031683087
9.199984791953367
9.200072008539838
9.200038193287519
9.199988181511285
9.200001667533783
9.200020815010681
9.200008394863573
9.200008856142437
9.199968440967082
9.199879161717154
9.399998462633489
9.400000254890632
9.399901948809847
9.399943903693226
9.400012234474664
9.400017037886085
9.400032916897283
9.400060831392940
9.400164050727309
9.400024418142729
9.400027802412550
9.399986118636638
9.399986261882553
9.400004293997673
9.399998877042774
9.399981071600841
9.399970564436641
9.399972157961599
9.399892774867089
9.399958081746343
9.400023579642978
9.400008497948969
9.399985062055968
9.399995102375165
9.400044145640781
9.399997286321540
9.400010417481900
9.400001758401897
9.399982919074294
9.399992128968810
9.400002341079738
9.399980534020122
9.399997452906023
9.400014563011164
9.400001994388349
9.399984926537853
9.400070878394462
9.400037350038925
9.399992521221638
9.400003060799406
9.400020206981452
9.400007811799176
9.400009005369483
9.399967861060192
9.399878767077222
9.599999381837822
9.600000125101394
9.599900262629328
9.599943069968941
9.600012511363472
9.600017242601993
9.600035931171291
9.600061590460802
9.600161938551107
9.600024747873160
9.600028276310109
9.599985808321652
9.599986571878521
9.600004483564637
9.599998653662601
9.599981565266006
9.599971261611801
9.599970475479907
9.599890708089212
9.599957477298828
9.600023582770426
9.600008960689488
9.599988448062449
9.599996091505636
9.600043050309150
9.599997876175786
9.600011064794288
9.600002180278091
9.599983724832285
9.599992170870745
9.600001636890477
9.599980730981910
9.599997753753012
9.600013987193089
9.600001002332016
9.599985149099703
9.600069422525136
9.600036358121670
9.599996895758949
9.600004478470627
9.600019562974072
9.600007266219144
9.600009126189040
9.599967492870686
9.599878899999419
9.800000476611048
9.800000033317351
9.799898756494562
9.799942342589253
9.800012774317885
9.800017435276011
9.800039010201813
9.800062182804753
9.800159317704301
9.800025028492147
9.800028683537516
9.799985496706107
9.799986927011414
9.800004686501561
9.799998423799329
9.799982105096268
9.799972084928651
9.799968860802730
9.799888838526790
9.799956933824649
9.800023429466645
9.800009353721070
9.799991856110090
9.799996984026988
9.800041677673716
9.799998450552279
9.800011612901645
9.800002621494695
9.799984628420614
9.799992259509118
9.800000975397570
9.799981059722892
9.799998172983173
9.800013442852578
9.800000066140768
9.799985467753480
9.800067632675091
9.800035214995003
9.800001270342728
9.800005902447971
9.800018880457246
9.800006757977538
9.800009213479999
9.799967345186568
9.799879579159571
10.000001752579124
9.999999983322178
9.999897449242484
9.999941732701940
10.000013022885657
10.000017617745430
10.000042145662420
10.000062598411080
10.000156185301600
10.000025255862905
10.000029016633722
9.999985186103975
9.999987328966832
10.000004901433625
9.999998187683525
9.999982688818424
9.999973035450871
9.999967327325004
9.999887188353927
9.999956459134328
10.000023113449268
10.000009671786632
9.999995264039239
9.999997764318630
10.000040019540769
9.999998999310955
10.000012045701476
10.000003083642220
9.999985632214431
9.999992397242501
10.000000364995413
9.999981520736357
9.999998712675891
10.000012936644170
9.999999196188268
9.999985890138591
10.000065503032429
10.000033919227842
10.000005610300454
10.000007314573422
10.000018156808411
10.000006286608285
10.000009262196718
9.999967425055084
9.999880819546275
10.200003213736542
10.199999978466572
10.199896359232696
10.199941251029804
10.200013256733200
10.200017791877094
10.200045328622080
10.200062828170367
10.200152541450720
10.200025425750130
10.200029268109880
10.199984878985434
10.199987779123632
10.200005126834540
10.199997945569685
10.199983313964927
10.199974113570841
10.199965888469784
10.199885779269927
10.199956061087475
10.200022629947517
10.200009910407880
10.199998649946027
10.199998417805041
10.200038069640311
10.199999512590258
10.200012348046528
10.200003568202199
10.199986737936259
10.199992586312947
10.199999813822277
10.199982113601044
10.199999374130932
10.200012474969151
10.199998402479871
10.199986423301977
10.200063030414260
10.200032470608287
10.200009881448521
10.200008696874526
10.200017389413309
10.200005851406205
10.200009267483916
10.199967737705473
10.199882632269663
10.400004862289991
10.400000021584678
10.399895504123490
10.399940907713267
10.400013475616554
10.400017959509695
10.400048549524794
10.400062863975316
10.400148389367521
10.400025533822973
10.400029430512749
10.399984577958881
10.399988278511110
10.400005361045741
10.399997697750161
10.399983977889402
10.399975318982907
10.399964557617302
10.399884632250968
10.399955747511124
10.400021975809084
10.400010065961878
10.400001992386507
10.399998931160333
10.400035823797181
10.399999980973931
10.400012506013532
10.400004076500409
10.399987946581007
10.399992828842825
10.399999329681672
10.399982836970731
10.400000157844934
10.400012063930159
10.399997694536752
10.399987073585937
10.400060214432969
10.400030870245367
10.400014050467654
10.400010031805261
10.400016575769861
10.400005451512115
10.400009224797433
10.399968286488447
10.399885024402344
10.600006698510438
10.600000114911715
10.599894900645486
10.599940712152705
10.600013679347601
10.600018122392990
10.600051798167227
10.600062698810554
10.600143735472786
10.600025575660254
10.600029496492569
10.599984285751571
10.599988827768787
10.600005602296532
10.599997444569709
10.599984677781734
10.599976650659546
10.599963348031935
10.599883767298737
10.599955526114288
10.600021149593719
10.600010135749523
10.600005270572865
10.599999292502266
10.600033280090374
10.600000395655332
10.600012507167017
10.600004609659184
10.599989258344474
10.599993126830819
10.599998919963822
10.599983688567558
10.600001063490328
10.600011709287610
10.599997081280785
10.599987846521826
10.600057057643051
10.600029120661423
10.600018085269074
10.600011302481334
10.600015713594694
10.600005086000387
10.600009130029411
10.599969072832824
10.599887998853038
10.800008720595056
10.800000260003909
10.799894564374839
10.799940672852077
10.800013867756533
10.800018282124512
10.800055063674778
10.800062326833809
10.800138589469865
10.800025546758530
10.800029458875303
10.799984005188893
10.799989427108937
10.800005848724455
10.799997186440372
10.799985410682334
10.799978106830460
10.799962272786820
10.799883203188520
10.799955404399242
10.800020151653003
10.800010118054889
10.800008464560161
10.799999491573569
10.800030438999434
10.800000748596979
10.800012340815535
10.800005168548847
10.799990672555888
10.799993482146109
10.799998591567688
10.799984665178830
10.800002089896664
10.800011416417917
10.799996570920795
10.799988746730721
10.800053565667588
10.800027225873688
10.800021955348265
10.800012492907607
10.800014800930413
10.800004753967571
10.800008979635868
10.799970096219244
10.799891554272850
11.000010924540689
11.000000457661992
10.999894509508183
10.999940797265543
11.000014040651047
11.000018440084833
11.000058334476808
11.000061743447974
11.000132964402773
11.000025442543878
11.000029310738839
10.999983739172643
10.999990076282433
11.000006098395859
10.999996923856315
10.999986173495552
10.999979684964394
10.999961344685628
10.999882957218551
10.999955389570232
11.000018984195517
11.000010012194778
11.000011555421789
10.999999519909213
11.000027303535768
11.000001032683798
11.000011998257360
11.000005753738938
10.999992187615362
10.999993896520374
10.999998350823853
10.999985762657261
11.000003235034127
11.000011190273264
10.999996170841680
10.999989777831676
11.000049747302899
11.000025191463843
11.000025632122854
11.000013588195426
11.000013836252066
11.000004454620482
11.000008770765220
10.999971354170601
10.999895684994142
11.200013304030346
11.200000707859305
11.199894748641450
11.199941091648864
11.200014197773386
11.200018597372326
11.200061598281579
11.200060945364068
11.200126876694231
11.200025258387853
11.200029045493293
11.199983490658189
11.199990774548089
11.200006349326216
11.199996657408281
11.199986963001884
11.199981381753682
11.199960576181091
11.199883044963119
11.199955488440127
11.200017651337019
11.200009818557877
11.200014525412282
11.199999370987820
11.200023879357955
11.200001241867797
11.200011473012937
11.200006365449894
11.199993800936562
11.199994371537251
11.199998203418243
11.199986975924611
11.200004495999275
11.200011035342692
11.199995887496909
11.199990942358435
11.200045614600588
11.200023024634069
11.200029089251629
11.200014574768066
11.200012818570855
11.200004187362220
11.200008501385719
11.199972842259035
11.199900381001312
11.400015850334333
11.400001009675774
11.399895292554765
11.399941560917124
11.400014338756034
11.400018754738449
11.400064842051966
11.400059930654596
11.400120346163332
11.400024989628658
11.400028656964839
11.399983262630826
11.399991520645834
11.400006599500031
11.399996387797369
11.399987775868853
11.399983193101377
11.399959979289694
11.399883480031454
11.399955707335788
11.400016159135086
11.400009538632963
11.400017358116084
11.399999040365914
11.400020174869471
11.400001371302460
11.400010761041298
11.400007003505547
11.399995508895639
11.399994908618144
11.399998154317419
11.399988298978554
11.400005869002955
11.400010955614208
11.399995726305724
11.399992241684876
11.400041182925788
11.400020734248416
11.400032302931908
11.400015440551995
11.400011747533647
11.400003951874343
11.400008170409686
11.399974554128868
11.399905627932897
11.600018552227874
11.600001361238986
11.599896150005666
11.599942208510621
11.600014463077230
11.600018912524732
11.600068051982815
11.600058698797421
11.600113396022568
11.600024631597856
11.600028139483067
11.599983058081325
11.599992312774166
11.600006846889830
11.599996115847681
11.599988608660546
11.599985114110996
11.599959565502171
11.599884273834803
11.599956052002844
11.600014515607796
11.600009175025585
11.600020038581288
11.599998525793650
11.600016201297544
11.600001417464970
11.600009860937638
11.600007667287269
11.599997306786547
11.599995509004652
11.599998207695261
11.599989724902912
11.600007349360361
11.600010954537710
11.599995691555815
11.599993675959666
11.600036470990942
11.600018330858283
11.600035252172347
11.600016175152374
11.600010623516603
11.600003748193780
11.600007777812726
11.599976481534799
11.599911407113982
11.800021395926770
11.800001759673595
11.799897327532646
11.799943036270626
11.800014570017209
11.800019070602442
11.800071213481177
11.800057250710251
11.800106052853884
11.800024179653683
11.800027487971466
11.799982879980902
11.799993148572025
11.800007089474320
11.799995842517694
11.799989457845664
11.799987139078555
11.799959345689212
11.799885435363855
11.799956527510519
11.800012730736052
11.800008731463066
11.800022553437115
11.799997827310943
11.800011972752003
11.800001378264612
11.800008774109223
11.800008355690238
11.799999188783875
11.799996173736540
11.799998366861697
11.799991245881223
11.800008931483054
11.800011034988344
11.799995786312298
11.799995244050514
11.800031500863859
11.800015826710892
11.800037919038660
11.800016770011009
11.800009447711094
11.800003576782759
11.800007324745364
11.799978614394785
11.799917695617690
12.000024365043082
12.000002201060353
11.999898829271530
11.999944044326845
12.000014658616420
12.000019228316273
12.000074311150623
12.000055588775792
12.000098346563806
12.000023629221369
12.000026698040591
11.999982731255749
11.999994025105408
12.000007325255247
11.999995568909922
11.999990319804084
11.999989261487068
11.999959330001861
11.999886970978658
11.999957138157450
12.000010816449176
12.000008212787156
12.000024890994593
11.999996947322803
12.000007506263032
12.000001253135524
12.000007504926828
12.000009067082766
12.000001147913329
11.999996903625371
11.999998634193689
11.999992853213669
12.000010608873282
12.000011199230075
11.999996012334337
11.999996943497841
12.000026297949395
12.000013235739644
12.000040288869751
12.000017218545207
12.000008222200767
12.000003438590030
12.000006813635128
11.999980940856574
11.999924466354507
12.200027440562605
12.200002680406079
12.199900656786639
12.199945230998294
12.200014727636793
12.200019384433313
12.200077328781004
12.200053716857894
12.200090310317142
12.200022975841332
12.200025766083806
12.199982614761080
12.199994938859113
12.200007552272835
12.199995296278676
12.199991190832147
12.199991474003200
12.199959527766373
12.199888884213445
12.199957887379110
12.200008786593276
12.200007624934322
12.200027041329433
12.199995890653094
12.200002821796659
12.200001043112337
12.200006060848757
12.200009799269177
12.200003176030844
12.199997699222971
12.199999011068856
12.199994537337727
12.200012374120275
12.200011448879071
12.199996369999738
12.199998770478338
12.200020890943629
12.200010573535428
12.200042350462034
12.200017516265829
12.200006950028051
12.200003335101963
12.200006248276612
12.199983447376939
12.199931688187929
12.400030600846348
12.400003191625839
12.399902808919098
12.399946592709469
12.400014775527376
12.400019537098464
12.400080249345402
12.400051640309002
12.400081980449512
12.400022215225743
12.400024689374787
12.399982533255105
12.399995885733688
12.400007768619789
12.399995026035485
12.399992067146563
12.399993768476241
12.399959947372700
12.399891175598544
12.399958777657885
12.400006656882011
12.400006974903384
12.400028996346787
12.399994664575669
12.399997942246992
12.400000750886997
12.400004452514583
12.400010549457075
12.400005263810744
12.399998560784955
12.399999497802353
12.399996287852455
12.400014218898823
12.400011784866914
12.399996858238843
12.400000719778024
12.400015311759608
12.400007857297828
12.400044096219510
12.400017660873266
12.400005635248881
12.400003268381580
12.400005633907019
12.399986118812786
12.399939326074815
12.600033821657862
12.600003727538795
12.599905281654415
12.599948123923559
12.600014800395392
12.600019683797759
12.600083055005669
12.600049365969367
12.600073396358114
12.600021343324164
12.600023466166675
12.599982489372788
12.599996861048037
12.600007972453614
12.599994759752116
12.599992944887330
12.599996135939143
12.599960596156706
12.599893842501590
12.599959810436379
12.600004444829269
12.600006270710308
12.600030749827079
12.599993278822254
12.599992893404362
12.600000380845321
12.600002693805621
12.600011314229977
12.600007400743694
12.599999488228736
12.600000093587306
12.599998093547107
12.600016133970279
12.600012207402996
12.599997474478450
12.600002784774853
12.600009595423623
12.600005105765407
12.600045522267536
12.600017652329880
12.600004282974188
12.600003241094043
12.600004977264819
12.599988938522776
12.599947341228866
12.800037076218963
12.800004279879131
12.799908068011591
12.799949817094639
12.800014799984126
12.800019821330908
12.800085727128637
12.800046902158460
12.800064600370934
12.800020356398731
12.800022095791995
12.799982485599662
12.799997859547839
12.800008162007183
12.799994499160883
12.799993820119749
12.799998566611926
12.799961480275289
12.799896878990332
12.799960986035005
12.800002169663067
12.800005521330021
12.800032297452940
12.799991745566238
12.799987703898221
12.799999939081630
12.800000801869119
12.800012089525842
12.800009575145168
12.800000481086101
12.800000796439516
12.799999942434141
12.800018109185931
12.800012715936283
12.799998214596702
12.800004957430584
12.800003779940658
12.800002339124047
12.800046628528330
12.800017492907591
12.800002899397128
12.800003256516939
12.800004286628798
12.799991888478468
12.799955691305449
13.000040335296006
13.000004839323386
12.999911157955909
12.999951662640594
13.000014771658828
13.000019945794484
13.000088246314677
13.000044258659088
13.000055637593981
13.000019251109480
13.000020578763007
12.999982524245720
12.999998875420186
13.000008335597625
12.999994246151823
12.999994688836061
13.000001049907135
12.999962604574542
12.999900275719332
12.999962303574740
12.999999852220073
13.000004736625169
13.000033636816745
12.999990079381698
12.999982405114114
12.999999433390334
12.999998797102908
13.000012870622461
13.000011774175048
13.000001538450395
13.000001603147096
13.000001821787313
13.000020133493301
13.000013309116106
12.999999072890073
13.000007228291695
12.999997906127884
12.999999578892780
13.000047418755768
13.000017187209352
13.000001491804646
13.000003318533739
13.000003571834682
12.999994949383794
12.999964330605801
13.200043567319463
13.200005395535745
13.199914538337794
13.199953648938726
13.200014712401998
13.200020052577123
13.200090592440935
13.200041446695048
13.200046555736224
13.200018024610209
13.200018916871647
13.199982607419340
13.199999902314650
13.200008491633350
13.199994002766973
13.199995546956849
13.200003574437838
13.199963972450544
13.199904019842657
13.199963760905785
13.199997514820241
13.200003927261619
13.200034767408633
13.199988297177017
13.199977031083558
13.199998873232730
13.199996703097311
13.200013652130760
13.200013983869331
13.200002658917949
13.200002509225715
13.200003718185309
13.200022194945364
13.200013984752069
13.200000042052956
13.200009586499247
13.199992017414701
13.199996847785810
13.200047900528103
13.200016742163111
13.200000068572530
13.200003431608547
13.200002844266825
13.199998100801523
13.199973210298950
13.400046738539450
13.400005937232960
13.399918192859703
13.399955762346138
13.400014618819094
13.400020136368443
13.400092744721366
13.400038478902573
13.400037404912080
13.400016674655310
13.400017113288440
13.399982737001453
13.400000933371057
13.400008628619538
13.399993771191003
13.399996390332964
13.400006128027902
13.399965585702779
13.399908094955048
13.399965354543214
13.399995181120161
13.400003104610780
13.400035690584851
13.399986418102495
13.399971618346145
13.399998269677825
13.399994546530980
13.400014427996688
13.400016189184516
13.400003840524397
13.400003508880470
13.400005617561701
13.400024280713321
13.400014739772860
13.400001113171363
13.400012019806971
13.399986159607515
13.399994169550526
13.400048085195911
13.400016166987241
13.399998639142709
13.400003600740730
13.400002116821732
13.400001321285703
13.399982278659484
13.600049813220085
13.600006452270286
13.599922102073464
13.599957987246466
13.600014487156388
13.600020191182841
13.600094681785974
13.600035369296565
13.600028237420899
13.600015199717964
13.600015172659395
13.599982914619950
13.600001961254476
13.600008745161821
13.599993553738557
13.599997214748226
13.600008697725119
13.599967444380109
13.599912481063587
13.599967079610524
13.599992875944540
13.600002280638448
13.600036409516484
13.599984463431232
13.599966205782714
13.599997635315628
13.599992357016996
13.600015191512721
13.600018374055898
13.600005080675780
13.600004594975095
13.600007505261928
13.600026377103145
13.600015570184274
13.600002275731567
13.600014514607539
13.599980380617632
13.599991568780137
13.600047987783839
13.600015473125964
13.599997213982002
13.600003831397585
13.600001403840640
13.600004588518431
13.599991481319288
13.800052753875990
13.800006927750283
13.799926243410319
13.799960306125401
13.800014313331868
13.800020210399905
13.800096381781845
13.800032133232101
13.800019107502823
13.800013599119840
13.800013101200197
13.799983141624248
13.800002978197417
13.800008839968690
13.799993352837758
13.799998015923752
13.800011269817137
13.799969546619645
13.799917154592354
13.799968929791911
13.799990625094395
13.800001467780271
13.800036929118345
13.799982456412565
13.799960834418757
13.799996984141771
13.799990166895521
13.800015935340014
13.800020521470474
13.800006376074862
13.800005759009805
13.800009366108474
13.800028469576651
13.800016471026311
13.800003517644930
13.800017055966579
13.799974730149914
13.799989070700628
13.800047626843675
13.800014674153669
13.799995804521144
13.800004129423394
13.800000721007839
13.800007879449964
13.800000761531324
14.000055521554374
14.000007350156134
13.999930591245748
13.999962699676791
14.000014092980757
14.000020186823070
14.000097822498589
14.000028787362066
14.000010071070653
14.000011873172580
14.000010906786530
13.999983419059983
14.000003976050106
14.000008911852289
13.999993171009896
13.999998789524367
14.000013829850829
13.999971888478274
13.999922088422284
13.999970897294409
13.999988455130500
14.000000678803490
14.000037255958443
13.999980422097565
13.999955547196967
13.999996331411806
13.999988010969306
14.000016651542085
14.000022613555684
14.000007722643200
14.000006991108902
14.000011184474818
14.000030542777559
14.000017436329962
14.000004825289974
14.000019627663988
13.999969259350173
13.999986700930821
14.000047024256814
14.000013785646583
13.999994423073561
14.000004500922952
14.000000085211598
14.000011170440740
14.000010060443877
14.200058076166011
14.200007705511474
14.199935117001571
14.199965146941452
14.200013821516931
14.200020112757860
14.200098981521027
14.200025349591506
14.200001185416475
14.200010023331352
14.200008599039416
14.199983747643939
14.200004946338689
14.200008959728308
14.199993010845231
14.199999531168169
14.200016362655155
14.199974463757860
14.199927251968411
14.199972972820758
14.199986393130677
14.199999926654856
14.200037398147598
14.199978387135486
14.199950388717760
14.199995693464047
14.199985926177360
14.200017331631194
14.200024631685155
14.200009115439213
14.200008280019544
14.200012944369769
14.200032580563432
14.200018459073762
14.200006183573187
14.200022212242432
14.199964020408265
14.199984485215026
14.200046204983952
14.200012825020613
14.199993082732696
14.200004952118084
14.199999514363975
14.200014437404139
14.200019317383139
14.400060376869691
14.400007979568498
14.399939789287552
14.399967625481107
14.400013494211390
14.400019980111571
14.400099836412300
14.400021839029407
14.399992508892536
14.400008052360038
14.400006189404595
14.399984127738847
14.400005880332245
14.400008982614878
14.399992874974567
14.400000236439855
14.400018852368349
14.399977263824125
14.399932611297094
14.399975145554095
14.399984466418827
14.399999224294561
14.400037365209670
14.399976379540679
14.399945404946692
14.399995087509195
14.399983951203057
14.400017966628392
14.400026556602501
14.400010548573498
14.400009613122977
14.400014629533441
14.400034566044170
14.400019531140650
14.400007576009951
14.400024791062330
14.399959066114150
14.399982449127355
14.400045196759480
14.400011811333897
14.399991797247186
14.400005489175014
14.399999027176216
14.400017655948334
14.400028470142804
14.600062382513867
14.600008158026569
14.599944574084804
14.599970111589380
14.600013106289321
14.600019780515858
14.600100364930512
14.600018275938707
14.599984100564754
14.600005964508634
14.600003691224218
14.599984559328323
14.600006769118778
14.600008979630966
14.599992766036747
14.600000900908784
14.600021282469770
14.599980277420181
14.599938129285295
14.599977403155476
14.599982702263723
14.599998584515783
14.600037167932015
14.599974428428816
14.599940642887235
14.599994531385613
14.599982126011337
14.600018547138504
14.600028368564924
14.600012015121463
14.600010976460162
14.600016223546081
14.600036481628207
14.600020643275881
14.600008984827035
14.600027344363523
14.599954449363411
14.599980617746800
14.600044029728515
14.600010765052309
14.599990580873166
14.600006118000964
14.599998642885687
14.600020801516379
14.600037455278661
14.800064052140616
14.800008226783410
14.799949434973488
14.799972580542438
14.800012653046968
14.800019505473994
14.800100545282142
14.800014681685129
14.799976019837899
14.800003765702080
14.800001119799820
14.799985041991416
14.800007603690716
14.800008949994451
14.799992686641735
14.800001520153021
14.800023635817119
14.799983490475517
14.799943765824539
14.799979731775204
14.799981127545228
14.799998019749548
14.800036818196853
14.799972563721351
14.799936150217842
14.799994043278494
14.799980491310476
14.800019063440994
14.800030047507883
14.800013507034658
14.800012354773729
14.800017709951453
14.800038309077431
14.800021785046388
14.800010391088493
14.800029851332919
14.799950222608627
14.799979015302153
14.800042736023451
14.800009707776356
14.799989448202735
14.800006844007852
14.799998380930404
14.800023849522754
14.800046208406837
15.000065345556569
15.000008172221388
14.999954333407141
14.999975006891574
15.000012129989667
15.000019146534477
15.000100356416009
15.000011078685530
14.999968326050434
15.000001463740690
14.999998492444618
14.999985574876865
15.000008375040691
15.000008893020414
14.999992639329326
15.000002089790165
15.000025894689921
14.999986885911497
14.999949478071827
14.999982116079273
14.999979768384966
14.999997541854274
15.000036328792806
14.999970815817401
14.999931974891156
14.999993641401559
14.999979087932617
15.000019505598098
15.000031573232345
15.000015015052039
15.000013731567762
15.000019072396821
15.000040029571966
15.000022944802957
15.000011774846604
15.000032290178268
14.999946437252305
14.999977664785932
15.000041349277700
15.000008661927804
14.999988413967904
15.000007671841210
14.999998260566899
15.000026775485550
15.000054664504002
15.200066223976544
15.200007981531204
15.199959229036130
15.199977364800382
15.200011532992336
15.200018695492576
15.200099778361526
15.200007490356368
15.199961078037472
15.199999068511669
15.199995828523578
15.199986156676873
15.200009074267703
15.200008808119950
15.199992626523347
15.200002605516445
15.200028040839920
15.199990443444650
15.199955220749784
15.199984539291908
15.199978649738588
15.199997161889822
15.200035713207145
15.199969215231107
15.199928164694324
15.199993343639306
15.199977956127778
15.200019863581463
15.200032925616901
15.200016528611856
15.200015089188204
15.200020294791107
15.200041623786365
15.200024109645740
15.200013115320171
15.200034638207695
15.199943142976652
15.199976587536167
15.200039904073355
15.200007650393676
15.199987492819087
15.200008605072229
15.199998300426923
15.200029555152428
15.200062758208217
15.400066650745696
15.400007643075824
15.399964080082841
15.399979628428964
15.400010858483913
15.400018144621830
15.400098792615024
15.400003941062986
15.399954333659382
15.399996592211108
15.399993149479259
15.399986785599999
15.400009692694962
15.400008694800192
15.399992650481183
15.400003063155278
15.400030055549458
15.399994139389481
15.399960946499059
15.399986983255356
15.399977794946132
15.399996889874823
15.400034985398412
15.399967792193811
15.399924766767580
15.399993167148534
15.399977134764519
15.400020127418591
15.400034084855998
15.400018035766019
15.400016408926259
15.400021361483464
15.400043071978633
15.400025265394591
15.400014391102154
15.400036871915242
15.399940387005271
15.399975802785020
15.400038435319587
15.400006696125754
15.399986699077420
15.400009645850666
15.399998518008074
15.400032164619356
15.400070424118834
15.600066592146501
15.600007146797484
15.599968843771078
15.599981772368327
15.600010103656800
15.600017486936943
15.600097382578586
15.600000456070111
15.599948149293800
15.599994049576122
15.599990478841230
15.599987459343273
15.600010221999252
15.600008552665839
15.599992713238709
15.600003458716706
15.600031919699028
15.599997946462164
15.599966606284774
15.599989428508310
15.599977225236531
15.599996734527110
15.600034159549461
15.599966576218497
15.599921827079898
15.599993127916841
15.599976660431363
15.600020287360596
15.600035031727058
15.600019523098302
15.600017671147313
15.600022257464611
15.600044354093919
15.600026396565642
15.600015580398983
15.600038967071992
15.599938213290660
15.599975327173166
15.600036977558396
15.600005821693033
15.599986046459833
15.600010794516463
15.599998929093308
15.600034580440951
15.600077597094417
15.800066018297743
15.800006484670782
15.799973476812445
15.799983772127449
15.800009266702968
15.800016716490054
15.800095534055718
15.799997061494068
15.799942579288230
15.799991458125833
15.799987842216975
15.799988175062865
15.800010654353331
15.800008381422970
15.799992816550370
15.800003788469274
15.800033613845041
15.800001833587480
15.799972149860301
15.799991854384009
15.799976959182239
15.799996702985743
15.800033249800432
15.799965595625309
15.799919389858504
15.799993240276537
15.799976566431138
15.800020334072450
15.800035747888504
15.800020975648209
15.800018855448510
15.800022968593277
15.800045449884660
15.800027486355411
15.800016661304507
15.800040898823447
15.799936661621533
15.799975174228525
15.800035564193735
15.800005048784470
15.799985547776195
15.800012049167503
15.799999547093952
15.800036779730485
15.800084212547358
16.000064904152687
16.000005651205445
15.999977935952346
15.999985604676390
16.000008347078019
16.000015828702175
16.000093235808549
15.999993784257313
15.999937675369642
15.999988838411021
15.999985267261462
15.999988929343500
16.000010982581525
16.000008180885768
15.999992961824329
16.000004049025964
16.000035118309295
16.000005765711268
15.999977526290417
15.999994239129654
15.999977012098880
15.999996800513923
16.000032269961647
15.999964877025855
15.999917496970070
15.999993516371596
15.999976881660935
16.000020258847808
16.000036216211036
16.000022376842434
16.000019940848116
16.000023481850615
16.000046339049259
16.000028516634401
16.000017612111172
16.000042641792810
15.999935766642805
15.999975353808235
16.000034226640039
16.000004397659190
15.999985214597361
16.000013405181249
16.000000382310255
16.000038740248833
16.000090206734182
16.200063230604897
16.200004644002092
16.199982178578519
16.199987249048515
16.200007345794393
16.200014820731631
16.200090480181466
16.199990652045543
16.199933486007936
16.199986214270670
16.199982783622804
16.199989718166155
16.200011200329875
16.200007950986894
16.199993150052766
16.200004237445949
16.200036413281541
16.200009703621024
16.199982684536838
16.199996560048397
16.199977395384860
16.199997030181198
16.200031233206065
16.199964444763573
16.199916187250508
16.199993965575715
16.199977629369201
16.200020053849546
16.200036421145278
16.200023708436031
16.200020906010582
16.200023785625259
16.200047001391770
16.200029467952220
16.200018411661738
16.200044170191056
16.199935556780627
16.199975871502108
16.200032993385545
16.200003886540998
16.199985056892999
16.200014854687435
16.200001441103268
16.200040440480500
16.200095517040282
16.400060985710393
16.400003464365074
16.399986163394900
16.399988687005276
16.400006265745454
16.400013691881327
16.400087263796486
16.399987693267544
16.399930055728781
16.399983613094594
16.399980422861020
16.399990536873595
16.400011302251457
16.400007691792176
16.399993381736891
16.400004351354248
16.400037478936799
16.400013603777737
16.399987574108746
16.399998793665290
16.399978115795093
16.399997392523829
16.400030151740598
16.399964320308332
16.399915495779886
16.399994593859123
16.399978825780980
16.400019712378175
16.400036349128310
16.400024950465824
16.400021729510772
16.400023870032154
16.400047417004913
16.400030319556297
16.400019039744944
16.400045457933636
16.399936053063975
16.399976727996528
16.400031888965746
16.400003530953303
16.399985082638452
16.400016385988952
16.400002724971333
16.400041859695605
16.400100082258692
16.600058166035559
16.600002117976516
16.599989851163873
16.599989903767170
16.600005112061517
16.600012444046669
16.600083588325841
16.599984937018377
16.599927424371590
16.599981066090557
16.599978218336304
16.599991380133986
16.600011284207849
16.600007403520841
16.599993656807019
16.600004389080805
16.600038295569270
16.600017418162086
16.599992145781115
16.600000915918994
16.599979174642442
16.599997885181363
16.600029036455798
16.599964521601539
16.599915453099211
16.599995403101495
16.599980478581756
16.600019229169799
16.600035989032641
16.600026081218584
16.600022390141728
16.600023727268887
16.600047566479191
16.600031049426683
16.600019477538940
16.600046478764867
16.599937267833532
16.599977918396569
16.600030932841577
16.600003342990998
16.599985297388802
16.600017982928257
16.600004229524256
16.600042977995923
16.600103842861653
16.800054778141345
16.800000615636190
16.799993205519979
16.799990888814715
16.800003892499429
16.800011082206275
16.800079461347561
16.799982413045708
16.799925626287102
16.799978608554273
16.799976205063668
16.799992241901851
16.800011143488089
16.800007086571796
16.799993974537237
16.800004349821798
16.800038843744701
16.800021094139254
16.799996352383626
16.800002902380751
16.799980566919711
16.799998502507492
16.800027896553427
16.799965062348964
16.799916084365002
16.799996390348259
16.799982585249403
16.800018600725775
16.800035332660851
16.800027077216974
16.800022867270936
16.800023352012197
16.800047431141472
16.800031634329621
16.800019708106522
16.800047206390360
16.799939203327881
16.799979431504916
16.800030138176780
16.800003330524490
16.799985703819562
16.800019624195649
16.800005943347085
16.800043776344072
16.800106741264553
17.000050840214911
16.999998974072021
16.999996193858138
16.999991636763308
17.000002617867271
17.000009614957055
17.000074897290386
16.999980151719313
16.999924689469257
16.999976280140373
16.999974419529625
16.999993115376505
17.000010879045973
17.000006741557371
16.999994333454620
17.000004233825024
17.000039104473633
17.000024574346163
17.000000149662942
17.000004728502674
16.999982280334510
16.999999235153368
17.000026739150847
16.999965951257664
16.999917408436986
16.999997547007759
16.999985131222907
17.000017825676306
17.000034375289648
17.000027913226496
17.000023141249681
17.000022741859564
17.000046993325739
17.000032049893242
17.000019716946767
17.000047614618396
16.999941850135777
16.999981249055544
17.000029510508103
17.000003496331590
16.999986301231893
17.000021282576753
17.000007846745437
17.000044236573565
17.000108722081684
17.200046383860538
17.199997216826805
17.199998788299705
17.199992148316383
17.200001302485379
17.200008055095893
17.200069918474245
17.199978184004085
17.199924634614852
17.199974125132567
17.199972899466783
17.199993992957744
17.200010491757343
17.200006369345420
17.199994731243081
17.200004042602114
17.200039059407175
17.200027796606115
17.200003497221527
17.200006369897018
17.199984294248654
17.200000069620316
17.200025568861282
17.199967191213055
17.199919436894422
17.199998857986088
17.199988087895900
17.200016905180163
17.200033116267385
17.200028562286708
17.200023193881208
17.200021897819006
17.200046236680230
17.200032270708306
17.200019492607737
17.200047677511332
17.199945185502457
17.199983344900019
17.200029046301832
17.200003837151783
17.199987085021093
17.200022924134903
17.200009910363448
17.200044341378685
17.200109732373214
17.400041456063253
17.399995375226560
17.400000966739796
17.399992431301357
17.399999964685545
17.400006420249625
17.400064556253504
17.399976541435802
17.399925474103796
17.399972192710276
17.399971683581725
17.399994866198522
17.400009984698119
17.400005971111014
17.399995164641620
17.400003779170131
17.400038691058889
17.400030693876058
17.400006359535769
17.400007802648652
17.399986578512383
17.400000987780007
17.400024387348960
17.399968778391589
17.399922172975515
17.400000300756055
17.399991410421610
17.400015843363072
17.400031559669653
17.400028995771070
17.400023008953767
17.400020824852042
17.400045146514447
17.400032270457725
17.400019027365857
17.400047369547881
17.399949171476941
17.399985684144237
17.400028731389209
17.400004342656832
17.399988046106717
17.400024507325298
17.400012093664831
17.400044074281777
17.400109721883364
17.600036121339016
17.599993489437210
17.600002713979126
17.599992501792993
17.599998627349507
17.600004733555444
17.600058852270184
17.599975256100034
17.599927210892346
17.599970537209490
17.599970811231191
17.599995725754724
17.600009363445505
17.600005548399398
17.599995629336817
17.600003448325396
17.600037983054364
17.600033194232260
17.600008707056546
17.600009003662908
17.599989092183868
17.600001966358125
17.600023192857861
17.599970701304596
17.599925610434255
17.600001844357223
17.599995035315473
17.600014647797909
17.600029715017168
17.600029183479034
17.600022572844779
17.600019532474210
17.600043710190320
17.600032022079198
17.600018317977529
17.600046665797741
17.599953752885856
17.599988222233002
17.600028539273257
17.600004994331904
17.599989170322271
17.600025982036534
17.600014343266533
17.600043419576775
17.600108643269305
17.800030464086991
17.799991609615851
17.800004022944186
17.799992385329521
17.799997318488732
17.800003024393590
17.800052859824643
17.799974360613220
17.799929837310543
17.799969218374713
17.799970322040878
17.799996561332001
17.800008636402971
17.800005103201226
17.799996119849581
17.800003056952605
17.800036920412339
17.800035220900948
17.800010517395322
17.800009951051255
17.799991782122163
17.800002976379002
17.800021979712191
17.799972939767823
17.799929732308012
17.800003448323167
17.799998877839858
17.800013330029110
17.800027598061202
17.800029093765730
17.800021875203353
17.800018035418162
17.800041917562588
17.800031497965094
17.800017366509170
17.800045542109793
17.799958855118149
17.799990903980213
17.800028429298127
17.800005764259978
17.799990437762602
17.800027288555196
17.800016591114275
17.800042362246195
17.800106452321192
18.000024591160006
17.999989797164673
18.000004895999059
17.999992118226650
17.999996071866846
18.000001329174236
18.000046645372279
17.999973888105782
17.999933333754544
17.999968301599218
17.999970255460806
17.999997361629873
18.000007815151434
18.000004638041911
17.999996629415914
18.000002614372764
18.000035489860039
18.000036692341045
18.000011776598544
18.000010624557554
17.999994581442305
18.000003982566607
18.000020737787860
17.999975463791117
17.999934509589071
18.000005061531745
18.000002829154532
18.000011906145154
18.000025231642063
18.000028693713546
18.000020909718799
18.000016354364444
18.000039761472632
18.000030670204566
18.000016181252676
18.000043975315776
17.999964381703876
17.999993662541392
18.000028344672319
18.000006613801705
17.999991822086926
18.000028356449182
18.000018752487591
18.000040887850258
18.000103108173040
18.200018634671565
18.199988126094699
18.200005346352828
18.199991748995458
18.199994927666395
18.199999692180633
18.200040290154739
18.199973872206339
18.199937667263040
18.199967858149641
18.199970650251274
18.199998114283172
18.200006914828368
18.200004156086848
18.199997149861915
18.200002132732852
18.200033680186610
18.200037522386669
18.200012480514324
18.200011006027164
18.199997407818927
18.200004942698122
18.200019451952247
18.199978232381486
18.199939899792586
18.200006620974452
18.200006753215280
18.200010397401918
18.200022646626671
18.200027949351519
18.200019674983427
18.200014516745867
18.200037238301885
18.200029510873026
18.200014777733450
18.200041943450749
18.199970211668731
18.199996418325668
18.200028210335688
18.200007492162701
18.199993289774618
18.200029103364827
18.200020723821915
18.200038982385149
18.200098573505020
18.400012755057869
18.399986684508828
18.400005399566332
18.399991339869796
18.399993933201753
18.399998166470084
18.400033891974754
18.399974347026383
18.399942789966587
18.399967965371722
18.399971543891205
18.399998805801584
18.400005954536699
18.400003661264222
18.399997671472629
18.400001627441732
18.400031482637829
18.400037620458409
18.400012636253479
18.400011079922809
18.400000161624103
18.400005806905419
18.400018101470526
18.399981192253549
18.399945845412063
18.400008050440160
18.400010483401452
18.400008830901516
18.400019882930909
18.400026825928684
18.400018175458641
18.400012557631065
18.400034348590399
18.400027992374941
18.400013179819108
18.400039425992794
18.399976196644054
18.399999077844058
18.400027930659668
18.400008334838855
18.399994799331814
18.400029433732232
18.400022380333684
18.400036632108431
18.400092814737572
18.600007144416509
18.599985576212607
18.600005095162150
18.599990968450292
18.599993143679619
18.599996814835158
18.600027567124432
18.599975347144316
18.599948637396771
18.599968706872019
18.599972971902975
18.599999421507146
18.600004957785863
18.600003158407628
18.599998182854808
18.600001117655768
18.600028891356683
18.600036891852771
18.600012263748969
18.600010833889574
18.600002723884263
18.600006516919009
18.600016659376632
18.599984276439166
18.599952272253649
18.600009259108308
18.600013818851778
18.600007240330225
18.600016990634227
18.600025288247480
18.600016422554205
18.600010520693726
18.600031097726877
18.600026087846199
18.600011420937317
18.600036404123713
18.599982157710969
18.600001532490495
18.600027386969508
18.600009061929629
18.599996300445543
18.600029237374002
18.600023573433518
18.600033823328683
18.600085802217940
18.800002030143173
18.799984922463960
18.800004488341543
18.799990729471151
18.799992623009288
18.799995710826341
18.800021452477306
18.799976907587943
18.799955126641567
18.799970172672204
18.799974967083315
18.799999945471445
18.800003952967582
18.800002653420503
18.799998670793766
18.800000626818655
18.800025903873642
18.800035238120277
18.800011397416419
18.800010259373586
18.800004954038702
18.800007005248933
18.800015091806085
18.799987402788513
18.799959087639365
18.800010140046577
18.800016520486526
18.800005666760580
18.800014031193143
18.800023301064730
18.800014435831212
18.800008459274260
18.800027496717107
18.800023771622623
18.800009545412294
18.800032861013179
18.799987881955008
18.800003657251803
18.800026434876148
18.800009576308469
18.799997733082627
18.800028388010713
18.800024127911694
18.800030542156460
18.800077510400271
18.999997678891383
18.999984863871827
19.000003651812953
18.999990736697331
18.999992444664262
18.999994939838381
19.000015707755065
18.999979063813676
18.999962154331552
18.999972459329740
18.999977558632995
19.000000360452471
19.000002973868607
19.000002153465065
18.999999120104071
19.000000183260312
19.000022521651601
19.000032557543832
19.000010087919215
19.000009352297479
19.000006687481843
19.000007194296263
19.000013357287781
18.999990472353712
18.999966178467542
19.000010568607497
19.000018306691739
19.000004159521918
19.000011078762125
19.000020829567781
19.000012244340308
19.000006437540897
19.000023563038351
19.000021019782707
19.000007609929597
19.000028782129132
18.999993118706239
19.000005309342303
19.000024901404657
19.000009761638143
18.999999026529860
19.000026741657297
19.000023838878267
19.000026774213588
19.000067918019994
19.199994400880581
19.199985562456362
19.200002677735256
19.199991124959826
19.199992692597096
19.199994600261789
19.200010517980449
19.199981851681450
19.199969594439970
19.199975670020265
19.199980771174484
19.200000647833136
19.200002060223582
19.200001667177954
19.199999513474371
19.199999820859471
19.200018750690305
19.200028745729938
19.200008404041153
19.200008113797224
19.200007732869501
19.200006995388065
19.200011405992512
19.199993367645369
19.199973409119767
19.200010400717876
19.200018848640262
19.200002777145588
19.200008221629446
19.200017839934237
19.200009888107921
19.200004531757752
19.200019321587511
19.200017810772184
19.200005685140617
19.200024155576767
19.199997575436914
19.200006326759198
19.200022581905106
19.200009480218171
19.200000098371923
19.200024134903455
19.200022468439556
19.200022504296971
19.200057008264320
19.399992554580880
19.399987203883416
19.400001679780495
19.399992052337083
19.399993462209665
19.399994804701006
19.400006096128937
19.399985307422934
19.399977295878902
19.399979914575173
19.399984623647114
19.400000787562679
19.400001258310965
19.400001204915871
19.399999831306506
19.399999579775535
19.400014602195874
19.400023696326670
19.400006434669525
19.400006551025438
19.400007869166775
19.400006307728525
19.400009178934049
19.399995950751777
19.399980619200662
19.400009471055185
19.400017765221307
19.400001588390534
19.400005563777540
19.400014299984573
19.400007419783456
19.400002831668051
19.400014805732031
19.400014126119338
19.400003857417950
19.400018972469539
19.400000913287339
19.400006526753753
19.400019236730802
19.400008570649700
19.400000853403355
19.400020383070924
19.400019742090702
19.400017715993709
19.400044768939839
19.599992551804501
19.599989999886962
19.600000795319929
19.599993702491407
19.599994861380392
19.599995681261177
19.600002685991729
19.599989467601983
19.599985079870812
19.599985309467957
19.599989128068632
19.600000758102734
19.600000621595296
19.600000779033980
19.600000051548545
19.599999507255699
19.600010093320524
19.600017301883845
19.600004290892269
19.600004678025133
19.600006842415645
19.600005017257576
19.600006607120360
19.599998061309549
19.599987621096577
19.600007591103896
19.600014617549292
19.600000673355215
19.600003226577737
19.600010179937218
19.600004906462868
19.600001442000558
19.600010058472495
19.600009951251081
19.600002230774614
19.600013227335054
19.600002742188039
19.600005704212936
19.600014587667644
19.600006845302648
19.600001182470308
19.600015278240015
19.600015344802973
19.600012391242721
19.600031192639943
19.799994863236204
19.799994190895067
19.800000187737737
19.799996287169247
19.799997011551188
19.799997374904127
19.800000565264444
19.799994369064496
19.799992737074007
19.799991977742604
19.799994288150128
19.800000536380352
19.800000211419515
19.800000404200492
19.800000149523331
19.799999658522701
19.800005247979541
19.800009454871489
19.800002108211334
19.800002516680710
19.800004362195601
19.800002995408061
19.800003610650098
19.799999514313182
19.799994197338368
19.800004547085035
19.800008903019396
19.800000124684139
19.800001350628765
19.800005453277429
19.800002431703977
19.800000484108637
19.800005133727478
19.800005276419508
19.800000928960582
19.800006918559731
19.800002615543075
19.800003629946904
19.800008314097301
19.800004087567835
19.800000961237441
19.800008587137292
19.800008916782534
19.800006509839104
19.800016276913468
20.000000024437789
20.000000048875560
20.000000048875560
20.000000048875556
20.000000048875556
20.000000048875563
20.000000048875584
20.000000048875570
20.000000024437799
20.000000048875556
20.000000097751112
20.000000097751144
20.000000097751148
20.000000097751155
20.000000097751148
20.000000097751130
20.000000097751176
20.000000048875606
20.000000048875588
20.000000097751155
20.000000097751158
20.000000097751137
20.000000097751151
20.000000097751123
20.000000097751098
20.000000097751169
20.000000048875606
20.000000048875595
20.000000097751165
20.000000097751158
20.000000097751155
20.000000097751155
20.000000097751180
20.000000097751169
20.000000097751155
20.000000048875588
20.000000024437814
20.000000048875599
20.000000048875599
20.000000048875588
20.000000048875588
20.000000048875602
20.000000048875595
20.000000048875602
20.000000024437806
